3327
3010
864
1070
179
3415
3042
2389
3789
407
2854
1812
2003
2212
616
1924
2802
3594
1977
2731
2200
1719
3815
1210
1896
2742
2130
3635
3903
2293
3615
3748
1251
1714
3717
2829
1711
1798
549
2371
2614
1172
2359
2891
3008
926
1837
2895
1458
3130
2937
1990
3243
1656
2375
1601
3099
3092
1454
2949
3559
2800
2080-a
969
1618
3468
1888
3520
22
2885
2236
2926
1163
1911
1840
2957
2244
2021
419
942
1796
380
2129
2269
3031
1121
2835
2035
2498
2433
1662
1747
2282
1503
1339
1949
3321
2177
2271
510
3634
2284
1950
1218
1475
2193
3294
3760
2083
1170
2736
2897
303
1109
1494
1448
1542
3285
2071
2298
3326
3587
3413
2208
3692
1213
535
3392
1441
2187
3558
1856
3660
1309
1822
1528
3595
2993
2192
3509
2977
1961
1727
3033
3095
2457
2765
296
2521
539
2550
851
2181
1920
1807
3418
3662
1356
1083
154
1603
962
1385
3490
1365
3814
1488
273
3208
3808
1881
496
3464
3541
2905
3620
3839
3036
1941
3512
1865
775
3475
2265
3049
1790
1509
3436
2845
1030
1446
2412
2805
1899
1472
1997
577-a
232
3229
1397
1619
2059
3588
3050
3332
2813
1017
1433
2036
1477-d
2042
653
2597
nan
190
3106
3398
226
1398
2704
1697
632
1221
3410
2799
2166
2126
1099
2583
3771
1938
2015
835
1984
313
2259
921
3571
1178
2299
2752
3508
3790
1202
958
3757
288
2105
2940
3480
3331
2875
545
1284
1718
258
2504
3387
3014
11
1785
1853
1567
2738
2291
2461
730
1729
684
2755
1522
2443
3681
1546
1152
2095
2324
1437
3080
3254
2636
277
2844
2250
2146
2086
3175
2809
3204
52
3305
1919
3374
3657
3074
1469
89
3739
1057
1583
3016
3478
2512
3550
2544
1230
491
3611
2505
2032
2851
3887
3553
401
192
819
1285
3198
3378
256
2423
3329
3580
2477
516
3450
3732
1032
3324
1677
1278
732
680
2725
831
3230
3156
3812
264
1463
1620
3093
3060
468
1604
25
3395
7
1752
1342
2539
3383
2182
2222
1581
1164
1592
1908
985
63
3104
2377
3783
1256
2173
3412
1858
3242
2425
3891
574
2151
1701
2320
2153
3151
2961
3583
3542
2786
557
137
1130
1389
433
925
2990
139
1322
451
1313
1316
3589
443
917
1769
701
2051
3069
1427
2735
1483
1297
3470
2334
121
664
2693
3394
1678
376
719
1095
642
3382
914
3259
3057
3535
227
3515
3712
3768
1985
2161
1751
2274
3747
597
3751
3127
3796
2266
3665
3070
3358
540
1811
797
2435
223
2522
1293
2156
434
2918
2460
389
918
1382
2545
2009
947
175
520
1543
3265
1044
3089
1625
2325
1350
3759
2611
2402
2438
950
299
689-b
129
1624
100
476
3118
2862
2386
2733
1609
68
687
2224
1259
3183
3330
2258
1329
3275
3601
2787
1460
1631
193
1696
1978
1294
3142
3785
515
3343
2045
3451
76
3000
1348
771
909
1304
2831
1234
3038
3597
1241
3154
3610
3883
3612
145
1462
605
2772
1290
1563
1320
3065
3040
1518
1613
1774
2404
1724
3278
2017
2234
3514
1818
3380
3456
3493
3365
3237
3797
3835
3555
614
1271
2727
1255
2563
1370
2027
1992
1917
762
15
1827
1149
2384
1829
42
3133
2388
2030
1660
2496
2278
3185
599
3860
3215
2963
3886
1082
3063
1710
1854
2987
900
2229
548
1580
2383
1351
1781
470
2622
2968
2641
3067
292
813
3098
3052
3262
1168
1051
3722
1045
3831
3862
3569
3856
1140
3769
3484
1054
3157
1955
633
209
3006
1964
337
598
199
1993
3261
3517
3713
1867
1085
558
1073
783
948
1511
1197
2666
3457
1352
1651
1416
1467
3708
1466
402
1450
2091
2307
2070
3182
1645
5
115-b
3837
3434
1353
2198
1222
2300
206
2346
2697
3561
753
2340
168
2232
1487
943
259
2103
2016
1533
2994
187
1863
3504
3241
3756
2143
3786
1638
460
3879
2779
953
2953
2734
2966
2019
2873
3409
3762
1209
2408
2283
3477
2753
2330
1268
2942
2074
1539
2631
1586
3778
1227
1566
677
2394
1610
2824
3489
2857
3876
2382
1501
2922
949
935
1906
1506
3349
1700
541
3416
698
1634
2287
2618
915
2101
244
1205
3097
2627
3613
2120
2676
1973
2131
1582
2107
2312
1600
1959
1986
3608
1644
153-b
1189
924
2587
559
2084
2507
1183
2243
1457
1981
2228
393
1532
3440
2828
3576
2037
3723
1974
224
595
238
3231
127
1703
2465
936
3637
3147
3793
2470
1545
2630
1236
773
2692
1615
910
2252
659
9
746
418
2568
1640
67
1776
658
2579
191
3419
3494
1825
3054
1810
2390
2087
2351
2907
3235
878
3452
1477-c
1635
1789
8
3369
3005
1952
2202
672
458
1621
1602
1895
3125
916
1771
3899
3105
2341
2904
3345
2935
3526
3731
3474
3393
1676
2602
2833
2872
1328
3817
2886
1291
1768
2226
1746
37
3233
3487
1980
3318
2852
1926
3562
3002
3628
1420
726
361
2481
2205
2883
2672
3355
1035
3096
1689
1477
3719
2336
2276
3435
3071
1465
2098
3471
2364
2172
811
2361
3403
3706
2934
1715
1527
3898
2345
2372
848
3141
2385
3734
2289
3172
3592
3848
2881
212
3647
170
3646
2946
828
317
1449
2148
3269
1216
3272
1269
3360
1559
2213
2076
2653
3245
3724
1647
2440
830
2593
1547
776
3414
2141
3361
1310
814
1900
467
693
126
1531
2073
36
2472
2595
1864
2398
3126
2209
3888
2714
1500
1275
824
2044
2165
2379
3058
1890
3445
2718
2397
2812
1021
2231
3567
1659
1386
3865
2609
619
800
1552
3449
2810
2637
2319
2898
630
3051
3720
3645
2985
583
3603
2594
3491
2538
628
2275
3623
695
3308
699
923-a
1643
2624
2954
751
2453
3726
2998
3251
441
2004
3495
3658
1847
2458
2780
537
3672
1002
3836
3075
920
1038
2525
2541
3737
1859
3534
2605
173
2426
3046
3121
981
405
1405
3816
3890
2127
3389
1679
3341
3234
1330
731
3072
1617
3820
387
621
3337
2089
908
3447
3624
3683
3219
2163
780
678
1321
1419
85
3059
1376
2795
2708
3203
1725
2099
3252
2329
1597
810
1181
1314
1505
182
417
3218
2997
2815
347
928
2927
339
3149
992
2318
852
3767
3459
1932
2970
2237
3482
3407
473
1404
868
3590
1367
2584
3907
2058
1303
1793
2368
1693
859
3573
2588
2168
1649
3626
1296
1762
3630
1477-b
781
3386
3518
1089
1393
1515
3682
790
341
3091
3289
1191
2865
1077
424
3461
1273
381
2868
423
2010
2180
2393
3433
394
1922
3873
3298
2754
3325
297
2598
964
1933
1657
3533
1413
3479
1572
2065
326
2241
1401
679
1422
2178
2791
2235
805
1844
1063
802
1750
1111
1242
2960
3869
2401
1891
253
3609
1425
2279
3674
342
1004
3158
1274
1312
1866
1962
3257
133
1345
1176
1673
3795
2054
807
335
1626
1514
2190
3511
1383
506
3698
844
2223
3830
1299
2309
2378
3653
1737
1361
113
3643
3399
44
3857
3302
1225
623
1828
2860
2911
3690
1344
2240
763
2410
3655
1628
2832
1396
2781
2684
2720
3388
592
3187
3784
1706
2540
1443
890
571
438
3225
2117
1447
1354
2882
3178
3170
2308
2248
2596
3377
1192
3268
2108
3323
2249
2811
744
3584
602
1930
2305
3519
2247
1409
3772
3602
1039
3309
1596
692
1086
3809
2363
624
2864
822
388
627
3299
761
897
3663
3664
3224
1520
3258
2189
3227
2777
2687
152
3200
1380
2601
1824
136
403
3641
3024
3472
3124
869
1526
1850
573
1797
569
2466
752
372
2722
2467
3497
1096
2686
786
1636
2374
1114
410
422
3466
3271
2671
2046
3694
2662
3283
3061
3711
896
1196
141
1537
1691
1260
2764
3516
2322
3424
1991
18
2411
3670
715
306
122
784
1782
23
2366
2535
3621
1616
3401
2698
3753
3255
2214
1364
217
1248
3123
2246
1211
2724
3032
3824
1009
2225
2489
3047
2962
522
3176
3528
1477-a
1286
2370
1814
3871
2877
3210
593
1760
1897
938
2551
1061
2391
2025
3146
1199
2356
2081
3177
2876
2989
2533
1186
2452
1041
2552
1340
1869
3578
2124
1435
3135
2928
3460
3761
2067
1873
3003
901
180
3725
27
1558
911
3363
1267
1279
1877
345
2706
2728
2113
3364
2211
482-a
3018
3073
327
1608
572
3741
970
3453
2285
3082
788
3850
3293
3277
1551
2709
28
1276
1884
3100
3530
661
2625
1786
861
2450
825
1126-a
2866
1735
1013
3846
2768
1788
3531
2007
2771
2729
1171
3213
2747
1071
1607
934
2497
709
3736
1265
3217
3249
2207
727
3132
1452
1113
128
1137
2314
1767
3166
3904
1663
3794
1745
3851
2416
3522
1107
1254
2075
2056
1550
2999
1801
2726
3454
933
1190
3226
1246
2506
556
3350
3244
3701
2667
87
3240
3256
3800
521
1845
3604
284
1510
3854
1159
3823
2140
1470
1529
1667
576
931
49
3199
3821
80
2317
455
2170
3402
2542
3441
1770
3700
1395
307
1461
2055
1495
3012
1508
88
1622
2756
2621
1287
906
1000
804
648
1160
1335
2932
1142
876
1473
3017
1871
2988
2162
1857
360
3779
2
21
3840
2018
589
1118
2125
1243
1519
2123
3246
3838
611
1668
332
1967
1722
3379
255
3521
82
239
1373
2043-a
770
1459
1937
1744
1212
480
1504
860
1355
2688
2335
3607
1594
3129
150
2879
2759
1876
2220
883-b
660
164
634
3115
2633
1162
1966
3250
1333
2263
3877
2871
218
1247
1743
2557
1599
1650
2529
41
1485
2929
883-a
242
2122
1878
3288
3212
1541
507
2254
1016
1736
156
2892
3078
2837
2296
2421
2233
2748
3153
585
72
1940
3721
3169
2510
334
492
2342
2944
2695
3492
2147
1371
2020
2218
1263
421
3551
750
261
1439
1445
2468
356
2646
1639
3312
2082
2132
1023
3538
638
939
2064
2090
171
12
2242
988
2903
513
3171
1007
2344
1777
1153
1927
338
3462
2767
2792
2548
3554
3893
1598
3354
2360
3882
3194
2026
369
3570
971
1705
3889
2215
3111
1516
3905
3728
3688
2652
1048
1794
367
2814
1982
3190
2306
1359
2853
2068
2277
1499
3131
2723
1733
3009
364
20
449
2436
3222
1838
1590
2473
2392
3372
718
1492
2925
1306
200
1430
1734
2409-a
3291
3780
3143
2919
1174
2445
2578
500
1564
2790
3678
2838
3338
2427
3088
60
1816
2114
1841
2333
3444
3396
3064
1334
579
3347
1464
2514
98
3616
3280
2257
1815
3679
40
3544
54
3223
613
872
2643
2613
3053
3845
3314
2128
702
2737
3689
2645
2701
2451
3833
3803
250
1894
2078
1426
1116
2612
2715
430
1904
3864
3381
2188
1018
2956
2429
1892
2434-a
960
3577
3486
1804
588
3671
2446
3825
2050
2843
1292
716
2559
3023
1480
3829
546
2097
2947
3716
3351
3546
1157
2782
3463
3273
913
3248
1584
2158
178
3868
1203
2760
254
1772
1758
3673
2995
112
73
3426
3798
881
2069
1206
3423
779
3397
3666
620
1862
1272
51
968
155
1536
1836
1155
2600
707
3537
2740
2959
1072
1947
2531
646
2560
895
2115
1898
110
2288
365
957
3849
240
3317
446
2570
2690
396
1553
309
1318
2732
531
1301
747
3195
3339
1806
3627
2422
2615
3359
3144
3502
998
1954
1968
2367
3691
132
2256
2253
1179
2806
3342
3560
2348
3366
706
566
547
2492
1011
3313
1956
3880
3164
2770
3108
298
2677
3404
1773
2396
2869
1120
3843
2365
2502
2958
2556
655
691
2047
3469
1512
47
999
184
1067
504
3232
1813
3539
484
1723
2741
3532
1388
3818
2808
371
2674
1471
3625
305
2847
3675
2586
2052
1574
2491
2577
1374
2884
3357
697
1008
482-b
3895
1757
2484
1658-a
3574
3498
172
138
758
2527
1556
3507
1280
3300
1648
2488
3505
1143
3428
3333
512
3279
2142
2930
1200
270
2159
3336
94
600
3322
3906
682
2302
1208
3148
3686
70
3296
745
952
320
959
3328
1232
2061
635
3041
2971
3165
3263
1429
2834
2013
1090
2260
1080
1402
1670
2581
271
1146
2092
2420
3004
1390
2520
3238
2606
3661
2974
3810
3582
3632
841
2449
1264
3081
1207
3304
836
2102
3847
3872
385
1800
3295
2894
3863
2337
142
1502
1478
2072
230
3763
963
891
3867
1907
829
581
96
6
1257
3901
1525
3802
1403
2616
3281
2774
2403
2418
62
1128
2855
3733
3652
3090
2711
2111
3826
2901
3429
2730
3022
3545
2295
2137
1119
228
452
2447
2100
2145
92
3563
1612
3687
3787
344
3702
3755
3001
406
2769
469
2093
103
3155
1692
144
123
2006
3390
2822
2976
2679
1699
3180
1180
2121
1185
3894
2387
1578
1593
2431
3499
1424
723
3804
879
1674
3417
2463
3536
972
1820
2973
984
2939
2632
2972
2357
2638
1575
622
2555
420
1360
708
2281
2409-b
2001
2487
328
3193
2867
586
922
1633
1434
1302
2797
827
3752
2793
1799
2204
1414
3648
793
3270
3729
1791
282
3068
563
3086
2195
1557
2349
2788
1606
2784
2023
850
3137
3201
447
3373
370
893
2716
474
662
257
1975
2912
1177
1929
1123
189
778
3168
2008
1655
1147
1012
871
2591
2703
1948
69
83
1194
875
1327
2495
1996
1305
479
1852
3356
3276
1341
1661
1851
2038
265
2750
842
2850
757
526
1665
3695
1605
3179
2110
1308
1277
390
2152
1406
1946
944
1740
2554
2455
2469
1233
3034
1058
3139
3422
1069
3202
3112
2332
1343
1201
3476
2167
1534
2428
1681
995
3579
478
2106
1097
2849
2685
694
1742
1456
354
2619
1036
1338
147
3370
1694
1589
979
749
302
301
1780
1573
2160
99
1549
3556
2924
856
3284
93
3368
1588
2280
3834
104
2629
3754
311
768
2900
3344
1958
2789
3525
456
2441
1237
1935
1110
799
2696
2582
3442
2135
3776
777
3788
1787
710
3743
2951
2945
1960
2955
201
2655
2846
1378
2104
315
202
3152
1369
3085
787
2660
413
3371
2743
3465
927
3527
3629
1835
1226
2022
3334
690
3828
552
713
3055
543
1108
838
2203
3287
754
3119
2399
980
3764
477
903
167
2311
3239
2992
1872
2663
1215
2077
1020
974
966
3813
2573
148
2920
1763
2819
3902
996
3352
991
1517
3446
90
608
437
208
1730
3216
993
2979
2029
1066
2272
2381
1748
246
1889
1868
1560
1283
1418
582
176
2480
3037
1014
1043
738
3405
1094
3186
1059
198
2801
3650
3011
1530
2952
1848
3439
2328
667
1438
1686
509
3842
3500
1056
887
3827
1025
3159
639
3292
1133
3438
1400
3599
1135
1765
3730
2553
2938
495
1379
665
2094
2155
2175
2060
2749
1258
2576
2623
3432
4
165
846
2682
3750
1507
3656
2176
3043
1347
379
525
2766
1803
77
2526
3618
166
2494
2778
1632
3211
518
554
2719
1451
538
2874
3353
640
1490
333
3007
1698
669
3738
3746
2301
2315
3640
3841
3524
135
2906
858
2656
644
2511
668
1005
2665
671
505
2585
2417
1708
3140
843
3633
1945
2889
820
2642
2657
2407
346
647
1394
1229
740
2395
676
3488
2347
1423
3311
652
1809
666
570
2640
1614
2842
461
352
1713
1555
2746
1324
2948
3758
1195
118
1101
33
1022
391
1766
45
2863
2751
3593
1565
65
459
3617
414
2456
1148
50
2608
2174
2442
2908
1953
3866
185
450
3807
294
1132
905
1476
3406
16
3855
1861
866
3107
1918
561
3160
231
3109
377
3128
472
580
1417
2675
2893
3138
266
812
3192
3481
1979
591
3473
1136
2567
2313
2523
196-b
1629
1903
3303
2490
3642
3566
1060
2713
536
711
1184
1372
435
462
2537
2424
542
216
1326
1839
3173
499
2292
1421
2437
1026
1103
1831-a
3585
353
1562
3431
3136
211
1315
2761
2039
2133
502
1298
2109
3773
1513
2508
733
79
3614
3117
3029
894
1879
3346
604
833
3122
3781
3777
3076
14
1972
1741
2776
2186
1775
2626
766
645
1468
794
3485
3697
2562
1407
1122
3513